55.944425, -3.188396, ESE, 55.944425, -3.188396, 0.000000, 248.750000 
55.944310, -3.188119, E, 55.944310, -3.188119, 0.000000, 247.500000 
55.944310, -3.187819, S, 55.944310, -3.187819, 81.948866, 369.618410 
55.944010, -3.187819, S, 55.944010, -3.187819, 81.948866, 368.368410 
55.943710, -3.187819, SW, 55.943710, -3.187819, 97.555409, 386.305613 
55.943498, -3.188031, SSW, 55.943498, -3.188031, 97.555409, 385.055613 
55.943383, -3.188308, S, 55.943383, -3.188308, 97.555409, 383.805613 
55.943083, -3.188308, E, 55.943083, -3.188308, 102.238162, 473.384451 
55.943083, -3.188008, E, 55.943083, -3.188008, 102.238162, 472.134451 
55.943083, -3.187708, E, 55.943083, -3.187708, 102.238162, 470.884451 
55.943083, -3.187408, ENE, 55.943083, -3.187408, 102.238162, 469.634451 
55.943360, -3.187293, ESE, 55.943360, -3.187293, 102.238162, 468.384451 
55.943246, -3.187016, ESE, 55.943246, -3.187016, 136.362540, 580.631202 
55.943360, -3.187293, NNE, 55.943360, -3.187293, 136.362540, 579.381202 
55.943475, -3.187016, NE, 55.943475, -3.187016, 136.362540, 578.131202 
55.943687, -3.186804, NE, 55.943687, -3.186804, 258.994003, 697.772998 
55.943987, -3.186804, E, 55.943987, -3.186804, 258.994003, 696.522998 
55.943987, -3.186504, ESE, 55.943987, -3.186504, 258.994003, 695.272998 
55.943873, -3.186227, SSE, 55.943873, -3.186227, 283.817505, 708.276810 
55.943595, -3.186112, SSE, 55.943595, -3.186112, 283.817505, 707.026810 
55.943318, -3.185997, ESE, 55.943318, -3.185997, 353.911944, 818.996371 
55.943203, -3.185720, ENE, 55.943203, -3.185720, 439.620025, 881.238720 
55.943481, -3.185605, E, 55.943481, -3.185605, 439.620025, 879.988720 
55.943481, -3.185305, E, 55.943481, -3.185305, 439.620025, 878.738720 
55.943481, -3.185005, SE, 55.943481, -3.185005, 449.832739, 984.976250 
55.943268, -3.184793, ESE, 55.943268, -3.184793, 449.832739, 983.726250 
55.943154, -3.184516, S, 55.943154, -3.184516, 541.785612, 983.959433 
55.942854, -3.184516, W, 55.942854, -3.184516, 604.279906, 1083.095882 
55.942854, -3.184816, W, 55.942854, -3.184816, 604.279906, 1081.845882 
55.942854, -3.185116, W, 55.942854, -3.185116, 604.279906, 1080.595882 
55.942854, -3.185416, W, 55.942854, -3.185416, 604.279906, 1079.345882 
55.942854, -3.185716, W, 55.942854, -3.185716, 604.279906, 1078.095882 
55.942854, -3.186016, W, 55.942854, -3.186016, 604.279906, 1076.845882 
55.942854, -3.186316, NNW, 55.942854, -3.186316, 697.790578, 1117.192848 
55.943131, -3.186431, NNW, 55.943131, -3.186431, 697.790578, 1115.942848 
55.942854, -3.186546, NNW, 55.942854, -3.186546, 697.790578, 1114.692848 
55.943131, -3.186660, NNW, 55.943131, -3.186660, 697.790578, 1113.442848 
55.943131, -3.186960, N, 55.943131, -3.186960, 697.790578, 1112.192848 
55.943431, -3.186960, N, 55.943431, -3.186960, 697.790578, 1110.942848 
55.943731, -3.186960, N, 55.943731, -3.186960, 697.790578, 1109.692848 
55.944031, -3.186960, NNE, 55.944031, -3.186960, 697.790578, 1108.442848 
55.944146, -3.186683, NNW, 55.944146, -3.186683, 697.790578, 1107.192848 
55.944423, -3.186798, N, 55.944423, -3.186798, 705.290186, 1137.777957 
55.944723, -3.186798, NNW, 55.944723, -3.186798, 705.290186, 1136.527957 
55.945000, -3.186913, NNW, 55.945000, -3.186913, 723.592155, 1187.153482 
55.945277, -3.187028, WNW, 55.945277, -3.187028, 899.237151, 1274.997292 
55.945392, -3.187305, WNW, 55.945392, -3.187305, 899.237151, 1273.747292 
55.945507, -3.187582, NNW, 55.945507, -3.187582, 994.346176, 1341.325459 
55.945784, -3.187697, NW, 55.945784, -3.187697, 994.346176, 1340.075459 
55.945996, -3.187909, E, 55.945996, -3.187909, 1105.983584, 1350.604476 
55.945996, -3.187609, E, 55.945996, -3.187609, 1105.983584, 1349.354476 
55.945996, -3.187309, E, 55.945996, -3.187309, 1105.983584, 1348.104476 
55.945996, -3.187009, E, 55.945996, -3.187009, 1105.983584, 1346.854476 
55.945996, -3.186709, E, 55.945996, -3.186709, 1123.260907, 1421.092387 
55.945996, -3.186409, E, 55.945996, -3.186409, 1123.260907, 1419.842387 
55.945996, -3.186109, E, 55.945996, -3.186109, 1123.260907, 1418.592387 
55.945996, -3.185809, E, 55.945996, -3.185809, 1123.260907, 1417.342387 
55.945996, -3.185509, S, 55.945996, -3.185509, 1190.605882, 1456.217440 
55.945696, -3.185509, S, 55.945696, -3.185509, 1190.605882, 1454.967440 
55.945396, -3.185509, S, 55.945396, -3.185509, 1190.605882, 1453.717440 
55.945096, -3.185509, S, 55.945096, -3.185509, 1190.605882, 1452.467440 
55.944796, -3.185509, WNW, 55.944796, -3.185509, 1243.967282, 1509.607660 
55.944911, -3.185786, WNW, 55.944911, -3.185786, 1243.967282, 1508.357660 
55.945026, -3.186063, WNW, 55.945026, -3.186063, 1243.967282, 1507.107660 
55.945140, -3.186340, WNW, 55.945140, -3.186340, 1243.967282, 1505.857660 
55.945255, -3.186618, WNW, 55.945255, -3.186618, 1243.967282, 1504.607660 
55.945370, -3.186895, WNW, 55.945370, -3.186895, 1243.967282, 1503.357660 
55.945485, -3.187172, WNW, 55.945485, -3.187172, 1243.967282, 1502.107660 
55.945600, -3.187449, WNW, 55.945600, -3.187449, 1243.967282, 1500.857660 
55.945714, -3.187726, WNW, 55.945714, -3.187726, 1243.967282, 1499.607660 
55.945829, -3.188003, WNW, 55.945829, -3.188003, 1243.967282, 1498.357660 
55.945714, -3.188281, WNW, 55.945714, -3.188281, 1243.967282, 1497.107660 
55.945829, -3.188003, WNW, 55.945829, -3.188003, 1243.967282, 1495.857660 
55.945944, -3.187726, WNW, 55.945944, -3.187726, 1243.967282, 1494.607660 
55.946059, -3.188003, WNW, 55.946059, -3.188003, 1243.967282, 1493.357660 
55.945759, -3.188003, W, 55.945759, -3.188003, 1243.967282, 1492.107660 
55.945759, -3.188303, W, 55.945759, -3.188303, 1243.967282, 1490.857660 
55.945874, -3.188026, W, 55.945874, -3.188026, 1243.967282, 1489.607660 
55.945988, -3.187749, WNW, 55.945988, -3.187749, 1243.967282, 1488.357660 
55.946103, -3.188026, WNW, 55.946103, -3.188026, 1243.967282, 1487.107660 
55.945803, -3.188026, W, 55.945803, -3.188026, 1243.967282, 1485.857660 
55.945803, -3.188326, W, 55.945803, -3.188326, 1243.967282, 1484.607660 
55.945688, -3.188603, W, 55.945688, -3.188603, 1243.967282, 1483.357660 
55.945574, -3.188881, WNW, 55.945574, -3.188881, 1243.967282, 1482.107660 
55.945688, -3.189158, NW, 55.945688, -3.189158, 1243.967282, 1480.857660 
55.945901, -3.189370, NNW, 55.945901, -3.189370, 1243.967282, 1479.607660 
55.946178, -3.189485, WSW, 55.946178, -3.189485, 1354.438351, 1529.123191 
55.945901, -3.189599, WSW, 55.945901, -3.189599, 1354.438351, 1527.873191 
55.945623, -3.189714, WSW, 55.945623, -3.189714, 1354.438351, 1526.623191 
55.945346, -3.189829, W, 55.945346, -3.189829, 1354.438351, 1525.373191 
55.945346, -3.190129, W, 55.945346, -3.190129, 1354.438351, 1524.123191 
55.945346, -3.190429, W, 55.945346, -3.190429, 1354.438351, 1522.873191 
55.945346, -3.190729, W, 55.945346, -3.190729, 1354.438351, 1521.623191 
55.945346, -3.191029, WSW, 55.945346, -3.191029, 1354.438351, 1520.373191 
55.945069, -3.191144, NW, 55.945069, -3.191144, 1354.438351, 1519.123191 
55.945281, -3.191356, SW, 55.945281, -3.191356, 1361.563723, 1601.258322 
55.945069, -3.191568, SW, 55.945069, -3.191568, 1361.563723, 1600.008322 
55.944857, -3.191780, SSW, 55.944857, -3.191780, 1412.068586, 1674.505125 
55.944742, -3.192057, S, 55.944742, -3.192057, 1412.068586, 1673.255125 
55.944442, -3.192057, S, 55.944442, -3.192057, 1412.068586, 1672.005125 
55.944142, -3.192057, SSW, 55.944142, -3.192057, 1480.264100, 1687.775606 
55.944027, -3.192335, SE, 55.944027, -3.192335, 1480.264100, 1686.525606 
55.943815, -3.192122, ENE, 55.943815, -3.192122, 1504.571625, 1740.786099 
55.944092, -3.192008, E, 55.944092, -3.192008, 1504.571625, 1739.536099 
55.944092, -3.191708, E, 55.944092, -3.191708, 1512.016216, 1748.210462 
55.944092, -3.191408, E, 55.944092, -3.191408, 1512.016216, 1746.960462 
55.944092, -3.191108, E, 55.944092, -3.191108, 1512.016216, 1745.710462 
55.944092, -3.190808, SE, 55.944092, -3.190808, 1633.530410, 1831.478241 
55.943880, -3.190596, SE, 55.943880, -3.190596, 1633.530410, 1830.228241 
55.943668, -3.190383, ENE, 55.943668, -3.190383, 1729.502387, 1952.820111 
55.943945, -3.190269, E, 55.943945, -3.190269, 1729.502387, 1951.570111 
55.943945, -3.189969, SW, 55.943945, -3.189969, 1837.629889, 2004.152650 
55.943733, -3.190181, SW, 55.943733, -3.190181, 1837.629889, 2002.902650 
55.943521, -3.190393, SW, 55.943521, -3.190393, 1837.629889, 2001.652650 
55.943309, -3.190605, SW, 55.943309, -3.190605, 1837.629889, 2000.402650 
55.943097, -3.190817, WSW, 55.943097, -3.190817, 1837.629889, 1999.152650 
55.942820, -3.190932, W, 55.942820, -3.190932, 1837.629889, 1997.902650 
55.942820, -3.191232, NNW, 55.942820, -3.191232, 1943.743184, 2037.694234 
55.943097, -3.191347, NNW, 55.943097, -3.191347, 1943.743184, 2036.444234 
55.943374, -3.191462, NNW, 55.943374, -3.191462, 1943.743184, 2035.194234 
55.943651, -3.191576, NNW, 55.943651, -3.191576, 1943.743184, 2033.944234 
55.943928, -3.191691, NNW, 55.943928, -3.191691, 1943.743184, 2032.694234 
55.944205, -3.191806, NNW, 55.944205, -3.191806, 1943.743184, 2031.444234 
55.944483, -3.191921, NNW, 55.944483, -3.191921, 1943.743184, 2030.194234 
55.944760, -3.192036, NNW, 55.944760, -3.192036, 1943.743184, 2028.944234 
55.945037, -3.192150, NNW, 55.945037, -3.192150, 1943.743184, 2027.694234 
55.945314, -3.192265, N, 55.945314, -3.192265, 1943.743184, 2026.444234 
55.945614, -3.192265, NNW, 55.945614, -3.192265, 1943.743184, 2025.194234 
55.945891, -3.192380, NNW, 55.945891, -3.192380, 2058.297166, 2099.539675 
55.945891, -3.192080, NNW, 55.945891, -3.192080, 2058.297166, 2098.289675 
55.945776, -3.192357, NNW, 55.945776, -3.192357, 2058.297166, 2097.039675 
55.946076, -3.192357, NNW, 55.946076, -3.192357, 2058.297166, 2095.789675 
55.945776, -3.192357, NNW, 55.945776, -3.192357, 2058.297166, 2094.539675 
55.946054, -3.192472, NNW, 55.946054, -3.192472, 2058.297166, 2093.289675 
55.945754, -3.192472, NNW, 55.945754, -3.192472, 2058.297166, 2092.039675 
55.945754, -3.192172, NNW, 55.945754, -3.192172, 2058.297166, 2090.789675 
55.945639, -3.191895, NNW, 55.945639, -3.191895, 2058.297166, 2089.539675 
55.945524, -3.192172, NNW, 55.945524, -3.192172, 2058.297166, 2088.289675 
55.945312, -3.192384, NNW, 55.945312, -3.192384, 2058.297166, 2087.039675 
55.945612, -3.192384, NNW, 55.945612, -3.192384, 2058.297166, 2085.789675 
55.945912, -3.192384, NNW, 55.945912, -3.192384, 2058.297166, 2084.539675 
55.945700, -3.192172, NNW, 55.945700, -3.192172, 2058.297166, 2083.289675 
55.945585, -3.192449, NNW, 55.945585, -3.192449, 2058.297166, 2082.039675 
55.945862, -3.192334, NNW, 55.945862, -3.192334, 2058.297166, 2080.789675 
55.945862, -3.192034, NNW, 55.945862, -3.192034, 2058.297166, 2079.539675 
55.945650, -3.191822, NNW, 55.945650, -3.191822, 2058.297166, 2078.289675 
55.945650, -3.191522, NNW, 55.945650, -3.191522, 2058.297166, 2077.039675 
55.945535, -3.191799, NNW, 55.945535, -3.191799, 2058.297166, 2075.789675 
55.945812, -3.191685, NNW, 55.945812, -3.191685, 2058.297166, 2074.539675 
55.945535, -3.191570, NNW, 55.945535, -3.191570, 2058.297166, 2073.289675 
55.945258, -3.191685, NNW, 55.945258, -3.191685, 2058.297166, 2072.039675 
55.945470, -3.191897, NNW, 55.945470, -3.191897, 2058.297166, 2070.789675 
55.945355, -3.191620, NNW, 55.945355, -3.191620, 2058.297166, 2069.539675 
55.945470, -3.191342, NNW, 55.945470, -3.191342, 2058.297166, 2068.289675 
55.945747, -3.191228, NNW, 55.945747, -3.191228, 2058.297166, 2067.039675 
55.945632, -3.191505, NNW, 55.945632, -3.191505, 2058.297166, 2065.789675 
55.945632, -3.191205, NNW, 55.945632, -3.191205, 2058.297166, 2064.539675 
55.945420, -3.190993, NNW, 55.945420, -3.190993, 2058.297166, 2063.289675 
55.945143, -3.190878, NNW, 55.945143, -3.190878, 2058.297166, 2062.039675 
55.944931, -3.191090, NNW, 55.944931, -3.191090, 2058.297166, 2060.789675 
55.945143, -3.190878, NNW, 55.945143, -3.190878, 2058.297166, 2059.539675 
55.945143, -3.191178, NNW, 55.945143, -3.191178, 2058.297166, 2058.289675 
55.945143, -3.191478, NNW, 55.945143, -3.191478, 2058.297166, 2057.039675 
55.944931, -3.191266, NNW, 55.944931, -3.191266, 2058.297166, 2055.789675 
55.944931, -3.190966, NNW, 55.944931, -3.190966, 2058.297166, 2054.539675 
55.945208, -3.190851, NNW, 55.945208, -3.190851, 2058.297166, 2053.289675 
55.944996, -3.191063, NNW, 55.944996, -3.191063, 2058.297166, 2052.039675 
55.945273, -3.190948, NNW, 55.945273, -3.190948, 2058.297166, 2050.789675 
55.945273, -3.191248, NNW, 55.945273, -3.191248, 2058.297166, 2049.539675 
55.945573, -3.191248, NNW, 55.945573, -3.191248, 2058.297166, 2048.289675 
55.945361, -3.191460, NNW, 55.945361, -3.191460, 2058.297166, 2047.039675 
55.945084, -3.191345, NNW, 55.945084, -3.191345, 2058.297166, 2045.789675 
55.945199, -3.191623, NNW, 55.945199, -3.191623, 2058.297166, 2044.539675 
55.945084, -3.191900, NNW, 55.945084, -3.191900, 2058.297166, 2043.289675 
55.944872, -3.192112, NNW, 55.944872, -3.192112, 2058.297166, 2042.039675 
55.944595, -3.191997, NNW, 55.944595, -3.191997, 2058.297166, 2040.789675 
55.944709, -3.191720, NNW, 55.944709, -3.191720, 2058.297166, 2039.539675 
55.944987, -3.191605, NNW, 55.944987, -3.191605, 2058.297166, 2038.289675 
55.944872, -3.191882, NNW, 55.944872, -3.191882, 2058.297166, 2037.039675 
55.945149, -3.191997, NNW, 55.945149, -3.191997, 2058.297166, 2035.789675 
55.944872, -3.192112, NNW, 55.944872, -3.192112, 2058.297166, 2034.539675 
55.945084, -3.191900, NNW, 55.945084, -3.191900, 2058.297166, 2033.289675 
55.945384, -3.191900, NNW, 55.945384, -3.191900, 2058.297166, 2032.039675 
55.945596, -3.191688, NNW, 55.945596, -3.191688, 2058.297166, 2030.789675 
55.945481, -3.191965, NNW, 55.945481, -3.191965, 2058.297166, 2029.539675 
55.945366, -3.192242, NNW, 55.945366, -3.192242, 2058.297166, 2028.289675 
55.945252, -3.191965, NNW, 55.945252, -3.191965, 2058.297166, 2027.039675 
55.944975, -3.191850, NNW, 55.944975, -3.191850, 2058.297166, 2025.789675 
55.945275, -3.191850, NNW, 55.945275, -3.191850, 2058.297166, 2024.539675 
55.945487, -3.191638, NNW, 55.945487, -3.191638, 2058.297166, 2023.289675 
55.945764, -3.191523, NNW, 55.945764, -3.191523, 2058.297166, 2022.039675 
55.945552, -3.191311, NNW, 55.945552, -3.191311, 2058.297166, 2020.789675 
55.945252, -3.191311, NNW, 55.945252, -3.191311, 2058.297166, 2019.539675 
55.945366, -3.191588, NNW, 55.945366, -3.191588, 2058.297166, 2018.289675 
55.945481, -3.191865, NNW, 55.945481, -3.191865, 2058.297166, 2017.039675 
55.945693, -3.192077, NNW, 55.945693, -3.192077, 2058.297166, 2015.789675 
55.945808, -3.192355, NNW, 55.945808, -3.192355, 2058.297166, 2014.539675 
55.946020, -3.192142, NNW, 55.946020, -3.192142, 2058.297166, 2013.289675 
55.946020, -3.191842, NNW, 55.946020, -3.191842, 2058.297166, 2012.039675 
55.945720, -3.191842, NNW, 55.945720, -3.191842, 2058.297166, 2010.789675 
55.945835, -3.192120, NNW, 55.945835, -3.192120, 2058.297166, 2009.539675 
55.945558, -3.192005, NNW, 55.945558, -3.192005, 2058.297166, 2008.289675 
55.945346, -3.191793, NNW, 55.945346, -3.191793, 2058.297166, 2007.039675 
55.945231, -3.191516, NNW, 55.945231, -3.191516, 2058.297166, 2005.789675 
55.945116, -3.191793, NNW, 55.945116, -3.191793, 2058.297166, 2004.539675 
55.945328, -3.191581, NNW, 55.945328, -3.191581, 2058.297166, 2003.289675 
55.945028, -3.191581, NNW, 55.945028, -3.191581, 2058.297166, 2002.039675 
55.945028, -3.191281, NNW, 55.945028, -3.191281, 2058.297166, 2000.789675 
55.945306, -3.191395, NNW, 55.945306, -3.191395, 2058.297166, 1999.539675 
55.945306, -3.191695, NNW, 55.945306, -3.191695, 2058.297166, 1998.289675 
55.945518, -3.191483, NNW, 55.945518, -3.191483, 2058.297166, 1997.039675 
55.945403, -3.191206, NNW, 55.945403, -3.191206, 2058.297166, 1995.789675 
55.945288, -3.191483, NNW, 55.945288, -3.191483, 2058.297166, 1994.539675 
55.945076, -3.191271, NNW, 55.945076, -3.191271, 2058.297166, 1993.289675 
55.945288, -3.191059, NNW, 55.945288, -3.191059, 2058.297166, 1992.039675 
55.945403, -3.191336, NNW, 55.945403, -3.191336, 2058.297166, 1990.789675 
55.945518, -3.191613, NNW, 55.945518, -3.191613, 2058.297166, 1989.539675 
55.945403, -3.191890, NNW, 55.945403, -3.191890, 2058.297166, 1988.289675 
55.945191, -3.191678, NNW, 55.945191, -3.191678, 2058.297166, 1987.039675 
55.945076, -3.191401, NNW, 55.945076, -3.191401, 2058.297166, 1985.789675 
55.945288, -3.191189, NNW, 55.945288, -3.191189, 2058.297166, 1984.539675 
55.945173, -3.190912, NNW, 55.945173, -3.190912, 2058.297166, 1983.289675 
55.944896, -3.190797, NNW, 55.944896, -3.190797, 2058.297166, 1982.039675 
55.945108, -3.191009, NNW, 55.945108, -3.191009, 2058.297166, 1980.789675 
55.945320, -3.190797, NNW, 55.945320, -3.190797, 2058.297166, 1979.539675 
55.945108, -3.190585, NNW, 55.945108, -3.190585, 2058.297166, 1978.289675 
55.945223, -3.190308, NNW, 55.945223, -3.190308, 2058.297166, 1977.039675 
55.945223, -3.190608, NNW, 55.945223, -3.190608, 2058.297166, 1975.789675 
55.945011, -3.190396, NNW, 55.945011, -3.190396, 2058.297166, 1974.539675 
55.944799, -3.190183, NNW, 55.944799, -3.190183, 2058.297166, 1973.289675 
55.945011, -3.189971, NNW, 55.945011, -3.189971, 2058.297166, 1972.039675 
55.945011, -3.189671, NNW, 55.945011, -3.189671, 2058.297166, 1970.789675 
55.945223, -3.189883, NNW, 55.945223, -3.189883, 2058.297166, 1969.539675 
55.945435, -3.190096, NNW, 55.945435, -3.190096, 2058.297166, 1968.289675 
55.945712, -3.190210, NNW, 55.945712, -3.190210, 2058.297166, 1967.039675 
55.945712, -3.189910, NNW, 55.945712, -3.189910, 2058.297166, 1965.789675 
55.945924, -3.189698, NNW, 55.945924, -3.189698, 2058.297166, 1964.539675 
55.946039, -3.189421, NNW, 55.946039, -3.189421, 2058.297166, 1963.289675 
55.945762, -3.189536, NNW, 55.945762, -3.189536, 2058.297166, 1962.039675 
55.945762, -3.189236, NNW, 55.945762, -3.189236, 2058.297166, 1960.789675 
55.946039, -3.189121, NNW, 55.946039, -3.189121, 2058.297166, 1959.539675 
55.946154, -3.188844, NNW, 55.946154, -3.188844, 2058.297166, 1958.289675 
55.946154, -3.189144, NNW, 55.946154, -3.189144, 2058.297166, 1957.039675 
55.946154, -3.189444, NNW, 55.946154, -3.189444, 2058.297166, 1955.789675 
55.945942, -3.189232, NNW, 55.945942, -3.189232, 2058.297166, 1954.539675 
55.945827, -3.189509, NNW, 55.945827, -3.189509, 2058.297166, 1953.289675 
55.945550, -3.189394, NNW, 55.945550, -3.189394, 2058.297166, 1952.039675 
55.945762, -3.189182, NNW, 55.945762, -3.189182, 2058.297166, 1950.789675 
55.945550, -3.188970, NNW, 55.945550, -3.188970, 2058.297166, 1949.539675 
55.945338, -3.188882, NNW, 55.945338, -3.188882, 2058.297166, 1947.039675 
