55.944425, -3.188396, SSE, 55.944425, -3.188396, 0.000000, 248.750000 
55.944148, -3.188281, SW, 55.944148, -3.188281, 73.369387, 324.828837 
55.943936, -3.188493, SW, 55.943936, -3.188493, 73.369387, 323.578837 
55.943724, -3.188705, SW, 55.943724, -3.188705, 73.369387, 322.328837 
55.943511, -3.188918, SW, 55.943511, -3.188918, 130.007947, 404.740878 
55.943299, -3.189130, SW, 55.943299, -3.189130, 130.007947, 403.490878 
55.943087, -3.189342, SW, 55.943087, -3.189342, 130.007947, 402.240878 
55.942875, -3.189554, SW, 55.942875, -3.189554, 130.007947, 400.990878 
55.942663, -3.189766, W, 55.942663, -3.189766, 179.446380, 469.573601 
55.942663, -3.190066, W, 55.942663, -3.190066, 179.446380, 468.323601 
55.942663, -3.190366, W, 55.942663, -3.190366, 179.446380, 467.073601 
55.942663, -3.190666, W, 55.942663, -3.190666, 179.446380, 465.823601 
55.942663, -3.190966, NNW, 55.942663, -3.190966, 257.101797, 548.065480 
55.942940, -3.191081, NNW, 55.942663, -3.191196, 257.101797, 546.815480 
55.942663, -3.191196, NNW, 55.942663, -3.191196, 257.101797, 545.565480 
55.942940, -3.191311, NNW, 55.942940, -3.191611, 257.101797, 544.315480 
55.942940, -3.191611, N, 55.942940, -3.191611, 257.101797, 543.065480 
55.943240, -3.191611, NE, 55.943240, -3.191611, 257.101797, 541.815480 
55.943452, -3.191398, NNE, 55.943452, -3.191398, 257.101797, 540.565480 
55.943567, -3.191121, NW, 55.943567, -3.191121, 318.799309, 560.680025 
55.943779, -3.191333, NW, 55.943779, -3.191333, 363.113349, 565.043658 
55.943991, -3.191546, N, 55.943991, -3.191546, 378.768556, 604.557085 
55.944291, -3.191546, NNW, 55.944291, -3.191546, 470.863409, 608.402249 
55.944568, -3.191660, NNE, 55.944568, -3.191660, 560.022155, 709.943054 
55.944683, -3.191383, NNE, 55.944683, -3.191383, 560.022155, 708.693054 
55.944798, -3.191106, N, 55.944798, -3.191106, 560.022155, 707.443054 
55.945098, -3.191106, ENE, 55.945098, -3.191106, 623.952082, 824.072664 
55.945375, -3.190991, E, 55.945375, -3.190991, 623.952082, 822.822664 
55.945375, -3.190691, ESE, 55.945375, -3.190691, 623.952082, 821.572664 
55.945260, -3.190414, S, 55.945260, -3.190414, 739.724464, 906.379859 
55.944960, -3.190414, SSE, 55.944960, -3.190414, 739.724464, 905.129859 
55.944683, -3.190299, ESE, 55.944683, -3.190299, 800.522189, 940.397967 
55.944568, -3.190022, ENE, 55.944568, -3.190022, 811.299691, 1000.890189 
55.944846, -3.189907, SE, 55.944846, -3.189907, 811.299691, 999.640189 
55.944633, -3.189695, SW, 55.944633, -3.189695, 907.381765, 1032.975275 
55.944421, -3.189907, SW, 55.944421, -3.189907, 907.381765, 1031.725275 
55.944209, -3.190119, WSW, 55.944209, -3.190119, 907.381765, 1030.475275 
55.943932, -3.190234, NNE, 55.943932, -3.190234, 929.675879, 1040.283839 
55.944047, -3.189957, NNE, 55.944047, -3.189957, 929.675879, 1039.033839 
55.944162, -3.189680, NNE, 55.944162, -3.189680, 929.675879, 1037.783839 
55.944276, -3.189403, NNE, 55.944276, -3.189403, 929.675879, 1036.533839 
55.944391, -3.189126, N, 55.944391, -3.189126, 929.675879, 1035.283839 
55.944691, -3.189126, N, 55.944691, -3.189126, 929.675879, 1034.033839 
55.944991, -3.189126, N, 55.944991, -3.189126, 929.675879, 1032.783839 
55.945291, -3.189126, N, 55.945291, -3.189126, 929.675879, 1031.533839 
55.945591, -3.189126, E, 55.945591, -3.189126, 1010.306367, 1146.130316 
55.945591, -3.188826, E, 55.945591, -3.188826, 1032.199564, 1245.869231 
55.945591, -3.188526, E, 55.945591, -3.188526, 1032.199564, 1244.619231 
55.945591, -3.188226, ENE, 55.945591, -3.188226, 1032.199564, 1243.369231 
55.945868, -3.188111, ESE, 55.945868, -3.188111, 1032.199564, 1242.119231 
55.945754, -3.187834, SE, 55.945754, -3.187834, 1043.033547, 1323.438322 
55.945541, -3.187621, SE, 55.945541, -3.187621, 1043.033547, 1322.188322 
55.945329, -3.187409, SE, 55.945329, -3.187409, 1043.033547, 1320.938322 
55.945117, -3.187197, SSE, 55.945117, -3.187197, 1092.304475, 1332.763070 
55.944840, -3.187082, SSE, 55.944840, -3.187082, 1092.304475, 1331.513070 
55.944563, -3.186968, SE, 55.944563, -3.186968, 1092.304475, 1330.263070 
55.944351, -3.186755, SE, 55.944351, -3.186755, 1202.913445, 1400.424582 
55.944139, -3.186543, SSE, 55.944139, -3.186543, 1202.913445, 1399.174582 
55.943861, -3.186428, E, 55.943861, -3.186428, 1234.575148, 1477.495948 
55.943861, -3.186128, E, 55.943861, -3.186128, 1234.575148, 1476.245948 
55.943861, -3.185828, SSE, 55.943861, -3.185828, 1311.790233, 1484.151670 
55.943584, -3.185714, SSE, 55.943584, -3.185714, 1311.790233, 1482.901670 
55.943307, -3.185599, S, 55.943307, -3.185599, 1311.790233, 1481.651670 
55.943007, -3.185599, NE, 55.943007, -3.185599, 1346.929878, 1540.742920 
55.943219, -3.185387, NE, 55.943219, -3.185387, 1346.929878, 1539.492920 
55.943431, -3.185175, NE, 55.943431, -3.185175, 1346.929878, 1538.242920 
55.943644, -3.184962, NE, 55.943644, -3.184962, 1346.929878, 1536.992920 
55.943856, -3.184750, N, 55.943856, -3.184750, 1432.805675, 1611.757636 
55.944156, -3.184750, N, 55.944156, -3.184750, 1432.805675, 1610.507636 
55.944456, -3.184750, N, 55.944456, -3.184750, 1432.805675, 1609.257636 
55.944756, -3.184750, N, 55.944756, -3.184750, 1432.805675, 1608.007636 
55.945056, -3.184750, NNE, 55.945056, -3.184750, 1465.598536, 1693.867639 
55.945170, -3.184473, N, 55.945170, -3.184473, 1465.598536, 1692.617639 
55.945470, -3.184473, NE, 55.945470, -3.184473, 1465.598536, 1691.367639 
55.945683, -3.184261, W, 55.945683, -3.184261, 1535.057050, 1806.202036 
55.945683, -3.184561, W, 55.945683, -3.184561, 1535.057050, 1804.952036 
55.945683, -3.184861, W, 55.945683, -3.184861, 1535.057050, 1803.702036 
55.945683, -3.185161, WSW, 55.945683, -3.185161, 1535.057050, 1802.452036 
55.945405, -3.185276, W, 55.945405, -3.185276, 1535.057050, 1801.202036 
55.945405, -3.185576, WNW, 55.945405, -3.185576, 1535.057050, 1799.952036 
55.945520, -3.185853, SSW, 55.945520, -3.185853, 1648.944502, 1833.555815 
55.945405, -3.186130, SE, 55.945405, -3.186130, 1648.944502, 1832.305815 
55.945193, -3.185918, SSW, 55.945193, -3.185918, 1770.982719, 1941.474289 
55.945079, -3.186195, SSW, 55.945079, -3.186195, 1770.982719, 1940.224289 
55.944964, -3.186472, SSW, 55.944964, -3.186472, 1770.982719, 1938.974289 
55.944849, -3.186750, S, 55.944849, -3.186750, 1770.982719, 1937.724289 
55.944549, -3.186750, S, 55.944549, -3.186750, 1770.982719, 1936.474289 
55.944249, -3.186750, S, 55.944249, -3.186750, 1770.982719, 1935.224289 
55.943949, -3.186750, S, 55.943949, -3.186750, 1770.982719, 1933.974289 
55.943649, -3.186750, S, 55.943534, -3.186472, 1770.982719, 1932.724289 
55.943534, -3.186472, SSW, 55.943534, -3.186472, 1770.982719, 1931.474289 
55.943419, -3.186750, SSW, 55.943419, -3.186750, 1770.982719, 1930.224289 
55.943304, -3.187027, S, 55.943304, -3.187027, 1770.982719, 1928.974289 
55.943004, -3.187027, S, 55.943004, -3.187027, 1770.982719, 1927.724289 
55.942704, -3.187027, WNW, 55.942704, -3.187027, 1795.009374, 2043.571015 
55.942819, -3.187304, WNW, 55.942819, -3.187304, 1795.009374, 2042.321015 
55.942934, -3.187581, WNW, 55.942934, -3.187581, 1795.009374, 2041.071015 
55.943049, -3.187858, WNW, 55.943049, -3.187858, 1795.009374, 2039.821015 
55.943164, -3.188135, WNW, 55.943164, -3.188135, 1795.009374, 2038.571015 
55.943279, -3.188413, WNW, 55.943279, -3.188413, 1795.009374, 2037.321015 
55.943393, -3.188690, WNW, 55.943393, -3.188690, 1795.009374, 2036.071015 
55.943508, -3.188967, WNW, 55.943508, -3.188967, 1795.009374, 2034.821015 
55.943623, -3.189244, WNW, 55.943623, -3.189244, 1795.009374, 2033.571015 
55.943738, -3.189521, WNW, 55.943738, -3.189521, 1795.009374, 2032.321015 
55.943853, -3.189798, WNW, 55.943853, -3.189798, 1795.009374, 2031.071015 
55.943967, -3.190075, WNW, 55.943967, -3.190075, 1795.009374, 2029.821015 
55.944082, -3.190353, WNW, 55.944082, -3.190353, 1795.009374, 2028.571015 
55.944197, -3.190630, WNW, 55.944197, -3.190630, 1795.009374, 2027.321015 
55.944312, -3.190907, WNW, 55.944312, -3.190907, 1795.009374, 2026.071015 
55.944427, -3.191184, WNW, 55.944427, -3.191184, 1795.009374, 2024.821015 
55.944541, -3.191461, NW, 55.944541, -3.191461, 1795.009374, 2023.571015 
55.944753, -3.191673, WNW, 55.944753, -3.191673, 1795.009374, 2022.321015 
55.944868, -3.191951, NW, 55.944868, -3.191951, 1795.009374, 2021.071015 
55.945080, -3.192163, WNW, 55.945080, -3.192163, 1795.009374, 2019.821015 
55.945195, -3.192440, WNW, 55.944918, -3.192325, 1880.435551, 2056.584812 
55.944918, -3.192325, WNW, 55.945195, -3.192440, 1880.435551, 2055.334812 
55.945195, -3.192440, WNW, 55.944895, -3.192440, 1880.435551, 2054.084812 
55.944895, -3.192440, WNW, 55.944895, -3.192140, 1880.435551, 2052.834812 
55.944895, -3.192140, WNW, 55.944683, -3.191928, 1880.435551, 2051.584812 
55.944683, -3.191928, WNW, 55.944960, -3.191813, 1880.435551, 2050.334812 
55.944960, -3.191813, WNW, 55.944960, -3.192113, 1880.435551, 2049.084812 
55.944960, -3.192113, WNW, 55.944660, -3.192113, 1880.435551, 2047.834812 
55.944660, -3.192113, WNW, 55.944383, -3.191998, 1880.435551, 2046.584812 
55.944383, -3.191998, WNW, 55.944268, -3.192275, 1880.435551, 2045.334812 
55.944268, -3.192275, WNW, 55.944545, -3.192161, 1880.435551, 2044.084812 
55.944545, -3.192161, WNW, 55.944660, -3.192438, 1880.435551, 2042.834812 
55.944660, -3.192438, WNW, 55.944545, -3.192161, 1880.435551, 2041.584812 
55.944545, -3.192161, WNW, 55.944268, -3.192046, 1880.435551, 2040.334812 
55.944268, -3.192046, WNW, 55.944545, -3.192161, 1880.435551, 2039.084812 
55.944545, -3.192161, WNW, 55.944431, -3.191883, 1880.435551, 2037.834812 
55.944431, -3.191883, WNW, 55.944316, -3.191606, 1880.435551, 2036.584812 
55.944316, -3.191606, WNW, 55.944316, -3.191306, 1880.435551, 2035.334812 
55.944316, -3.191306, WNW, 55.944039, -3.191191, 1880.435551, 2034.084812 
55.944039, -3.191191, WNW, 55.944039, -3.191491, 1880.435551, 2032.834812 
55.944039, -3.191491, WNW, 55.944339, -3.191491, 1880.435551, 2031.584812 
55.944339, -3.191491, WNW, 55.944453, -3.191214, 1880.435551, 2030.334812 
55.944453, -3.191214, WNW, 55.944241, -3.191002, 1880.435551, 2029.084812 
55.944241, -3.191002, WNW, 55.943941, -3.191002, 1880.435551, 2027.834812 
55.943941, -3.191002, WNW, 55.944153, -3.190790, 1880.435551, 2026.584812 
55.944153, -3.190790, WNW, 55.944268, -3.191067, 1880.435551, 2025.334812 
55.944268, -3.191067, WNW, 55.944545, -3.191182, 1880.435551, 2024.084812 
55.944545, -3.191182, WNW, 55.944545, -3.191482, 1880.435551, 2022.834812 
55.944545, -3.191482, WNW, 55.944823, -3.191597, 1880.435551, 2021.584812 
55.944823, -3.191597, WNW, 55.944545, -3.191482, 1880.435551, 2020.334812 
55.944545, -3.191482, WNW, 55.944545, -3.191182, 1880.435551, 2019.084812 
55.944545, -3.191182, WNW, 55.944660, -3.191459, 1880.435551, 2017.834812 
55.944660, -3.191459, WNW, 55.944545, -3.191182, 1880.435551, 2016.584812 
55.944545, -3.191182, WNW, 55.944845, -3.191182, 1880.435551, 2015.334812 
55.944845, -3.191182, WNW, 55.944731, -3.191459, 1880.435551, 2014.084812 
55.944731, -3.191459, WNW, 55.945008, -3.191344, 1880.435551, 2012.834812 
55.945008, -3.191344, WNW, 55.945220, -3.191556, 1880.435551, 2011.584812 
55.945220, -3.191556, WNW, 55.945105, -3.191279, 1880.435551, 2010.334812 
55.945105, -3.191279, WNW, 55.945105, -3.190979, 1880.435551, 2009.084812 
55.945105, -3.190979, WNW, 55.945105, -3.191279, 1880.435551, 2007.834812 
55.945105, -3.191279, WNW, 55.944990, -3.191556, 1880.435551, 2006.584812 
55.944990, -3.191556, WNW, 55.944990, -3.191856, 1880.435551, 2005.334812 
55.944990, -3.191856, WNW, 55.945202, -3.192069, 1880.435551, 2004.084812 
55.945202, -3.192069, WNW, 55.945317, -3.192346, 1880.435551, 2002.834812 
55.945317, -3.192346, WNW, 55.945594, -3.192231, 1880.435551, 2001.584812 
55.945594, -3.192231, WNW, 55.945807, -3.192443, 1880.435551, 2000.334812 
55.945807, -3.192443, WNW, 55.945692, -3.192166, 1880.435551, 1999.084812 
55.945692, -3.192166, WNW, 55.945415, -3.192051, 1880.435551, 1997.834812 
55.945415, -3.192051, WNW, 55.945300, -3.192328, 1880.435551, 1996.584812 
55.945300, -3.192328, WNW, 55.945023, -3.192213, 1880.435551, 1995.334812 
55.945023, -3.192213, WNW, 55.945300, -3.192328, 1880.435551, 1994.084812 
55.945300, -3.192328, WNW, 55.945415, -3.192051, 1880.435551, 1992.834812 
55.945415, -3.192051, WNW, 55.945137, -3.191936, 1880.435551, 1991.584812 
55.945137, -3.191936, WNW, 55.945415, -3.192051, 1880.435551, 1990.334812 
55.945415, -3.192051, WNW, 55.945529, -3.192328, 1880.435551, 1989.084812 
55.945529, -3.192328, WNW, 55.945252, -3.192443, 1880.435551, 1987.834812 
55.945252, -3.192443, WNW, 55.945464, -3.192231, 1880.435551, 1986.584812 
55.945464, -3.192231, WNW, 55.945252, -3.192019, 1880.435551, 1985.334812 
55.945252, -3.192019, WNW, 55.944975, -3.192134, 1880.435551, 1984.084812 
55.944975, -3.192134, WNW, 55.945275, -3.192134, 1880.435551, 1982.834812 
55.945275, -3.192134, WNW, 55.945390, -3.192411, 1880.435551, 1981.584812 
55.945390, -3.192411, WNW, 55.945505, -3.192134, 1880.435551, 1980.334812 
55.945505, -3.192134, WNW, 55.945505, -3.192434, 1880.435551, 1979.084812 
55.945505, -3.192434, WNW, 55.945782, -3.192319, 1880.435551, 1977.834812 
55.945782, -3.192319, WNW, 55.946082, -3.192319, 1880.435551, 1976.584812 
55.946082, -3.192319, WNW, 55.946197, -3.192042, 1880.435551, 1975.334812 
55.946197, -3.192042, WNW, 55.945985, -3.192254, 1880.435551, 1974.084812 
55.945985, -3.192254, WNW, 55.945707, -3.192369, 1880.435551, 1972.834812 
55.945707, -3.192369, WNW, 55.946007, -3.192369, 1880.435551, 1971.584812 
55.946007, -3.192369, WNW, 55.946220, -3.192156, 1880.435551, 1970.334812 
55.946220, -3.192156, WNW, 55.946220, -3.191856, 1880.435551, 1969.084812 
55.946220, -3.191856, WNW, 55.946220, -3.192156, 1880.435551, 1967.834812 
55.946220, -3.192156, WNW, 55.946220, -3.192456, 1880.435551, 1966.584812 
55.946220, -3.192456, WNW, 55.946105, -3.192179, 1880.435551, 1965.334812 
55.946105, -3.192179, WNW, 55.945893, -3.192391, 1880.435551, 1964.084812 
55.945893, -3.192391, WNW, 55.946105, -3.192179, 1880.435551, 1962.834812 
55.946105, -3.192179, WNW, 55.945990, -3.192456, 1880.435551, 1961.584812 
55.945990, -3.192456, WNW, 55.945690, -3.192456, 1880.435551, 1960.334812 
55.945690, -3.192456, WNW, 55.945478, -3.192244, 1880.435551, 1959.084812 
55.945478, -3.192244, WNW, 55.945778, -3.192244, 1880.435551, 1957.834812 
55.945778, -3.192244, WNW, 55.945478, -3.192244, 1880.435551, 1956.584812 
55.945478, -3.192244, WNW, 55.945778, -3.192244, 1880.435551, 1955.334812 
55.945778, -3.192244, WNW, 55.946078, -3.192244, 1880.435551, 1954.084812 
55.946078, -3.192244, WNW, 55.945866, -3.192456, 1880.435551, 1952.834812 
55.945866, -3.192456, WNW, 55.945751, -3.192179, 1880.435551, 1951.584812 
55.945751, -3.192179, WNW, 55.945474, -3.192294, 1880.435551, 1950.334812 
55.945474, -3.192294, WNW, 55.945751, -3.192409, 1880.435551, 1949.084812 
55.945751, -3.192409, WNW, 55.946028, -3.192294, 1880.435551, 1947.834812 
55.946028, -3.192294, WNW, 55.945751, -3.192409, 1880.435551, 1946.584812 
55.945751, -3.192409, WNW, 55.946051, -3.192409, 1880.435551, 1945.334812 
55.946051, -3.192409, WNW, 55.946166, -3.192132, 1880.435551, 1944.084812 
55.946166, -3.192132, WNW, 55.945888, -3.192247, 1880.435551, 1942.834812 
55.945888, -3.192247, WNW, 55.946101, -3.192459, 1880.435551, 1941.584812 
55.946101, -3.192459, WNW, 55.945801, -3.192459, 1880.435551, 1940.334812 
55.945801, -3.192459, WNW, 55.946078, -3.192344, 1880.435551, 1939.084812 
55.946078, -3.192344, WNW, 55.945801, -3.192459, 1880.435551, 1937.834812 
55.945801, -3.192459, WNW, 55.945588, -3.192247, 1880.435551, 1936.584812 
55.945588, -3.192247, WNW, 55.945888, -3.192247, 1880.435551, 1935.334812 
55.945888, -3.192247, WNW, 55.945676, -3.192459, 1880.435551, 1934.084812 
55.945676, -3.192459, WNW, 55.945976, -3.192459, 1880.435551, 1932.834812 
55.945976, -3.192459, WNW, 55.946188, -3.192247, 1880.435551, 1931.584812 
55.946188, -3.192247, WNW, 55.945911, -3.192361, 1880.435551, 1930.334812 
55.945911, -3.192361, WNW, 55.946123, -3.192149, 1880.435551, 1929.084812 
55.946123, -3.192149, WNW, 55.946009, -3.192426, 1880.435551, 1927.834812 
55.946009, -3.192426, WNW, 55.945709, -3.192426, 1880.435551, 1926.584812 
55.945709, -3.192426, WNW, 55.945431, -3.192312, 1880.435551, 1925.334812 
55.945431, -3.192312, WNW, 55.945131, -3.192312, 1880.435551, 1924.084812 
55.945131, -3.192312, WNW, 55.944831, -3.192312, 1880.435551, 1922.834812 
55.944831, -3.192312, WNW, 55.944554, -3.192197, 1880.435551, 1921.584812 
55.944554, -3.192197, WNW, 55.944831, -3.192082, 1880.435551, 1920.334812 
55.944831, -3.192082, WNW, 55.944946, -3.192359, 1880.435551, 1919.084812 
55.944946, -3.192359, WNW, 55.945061, -3.192082, 1880.435551, 1917.834812 
55.945061, -3.192082, WNW, 55.944849, -3.191870, 1880.435551, 1916.584812 
55.944849, -3.191870, WNW, 55.944572, -3.191985, 1880.435551, 1915.334812 
55.944572, -3.191985, WNW, 55.944872, -3.191985, 1880.435551, 1914.084812 
55.944872, -3.191985, WNW, 55.944872, -3.191685, 1880.435551, 1912.834812 
55.944872, -3.191685, WNW, 55.945172, -3.191685, 1880.435551, 1911.584812 
55.945172, -3.191685, WNW, 55.945172, -3.191385, 1880.435551, 1910.334812 
55.945172, -3.191385, WNW, 55.945449, -3.191270, 1880.435551, 1909.084812 
55.945449, -3.191270, WNW, 55.945661, -3.191482, 1880.435551, 1907.834812 
55.945661, -3.191482, WNW, 55.945873, -3.191694, 1880.435551, 1906.584812 
55.945873, -3.191694, WNW, 55.945758, -3.191417, 1880.435551, 1905.334812 
55.945758, -3.191417, WNW, 55.945971, -3.191629, 1880.435551, 1904.084812 
55.945971, -3.191629, WNW, 55.946183, -3.191841, 1880.435551, 1902.834812 
55.946183, -3.191841, WNW, 55.946068, -3.191564, 1880.435551, 1901.584812 
55.946068, -3.191564, WNW, 55.946183, -3.191841, 1880.435551, 1900.334812 
55.946183, -3.191841, WNW, 55.946068, -3.191564, 1880.435551, 1899.084812 
55.946068, -3.191564, WNW, 55.945768, -3.191564, 1880.435551, 1897.834812 
55.945768, -3.191564, WNW, 55.945980, -3.191352, 1880.435551, 1896.584812 
55.945980, -3.191352, WNW, 55.945980, -3.191052, 1880.435551, 1895.334812 
55.945980, -3.191052, WNW, 55.946192, -3.191264, 1880.435551, 1894.084812 
55.946192, -3.191264, WNW, 55.946077, -3.191541, 1880.435551, 1892.834812 
55.946077, -3.191541, WNW, 55.945777, -3.191541, 1880.435551, 1891.584812 
55.945777, -3.191541, WNW, 55.945892, -3.191264, 1880.435551, 1890.334812 
55.945892, -3.191264, WNW, 55.946007, -3.190987, 1880.435551, 1889.084812 
55.945892, -3.190710, WNW, 55.945615, -3.190595, 1880.435551, 1886.584812 
